[0, 1, 5, 1, 1, 1, 1, 1, 1, 0, 0, 0, 0, 0, 0, 0]
[ 0.  1.  2.  3.  4.  5.  6.  7.  8.  9. 10. 11.]
0 1 2 3 4 5 6 7 8 9 10 11  


[0, 2, 1, 3, 3, 2, 4, 3, 5, 5, 4, 4, 0, 0, 1, 125]
[  1.   2.   3.   0.   4.  17.   5.  18.  33.  49.  65.   6.  19.  81.
  97.   7.  34. 113.  20.  50. 129. 145. 161.   8.  35.  66. 177. 193.
  21.  82. 209. 240.  36.  51.  98. 114. 130.   9.  10.  22.  23.  24.
  25.  26.  37.  38.  39.  40.  41.  42.  52.  53.  54.  55.  56.  57.
  58.  67.  68.  69.  70.  71.  72.  73.  74.  83.  84.  85.  86.  87.
  88.  89.  90.  99. 100. 101. 102. 103. 104. 105. 106. 115. 116. 117.
 118. 119. 120. 121. 122. 131. 132. 133. 134. 135. 136. 137. 138. 146.
 147. 148. 149. 150. 151. 152. 153. 154. 162. 163. 164. 165. 166. 167.
 168. 169. 170. 178. 179. 180. 181. 182. 183. 184. 185. 186. 194. 195.
 196. 197. 198. 199. 200. 201. 202. 210. 211. 212. 213. 214. 215. 216.
 217. 218. 225. 226. 227. 228. 229. 230. 231. 232. 233. 234. 241. 242.
 243. 244. 245. 246. 247. 248. 249. 250.]
1 2 3 0 4 17 5 18 33 49 65 6 19 81 97 7 34 113 20 50 129 145 161 8 35 66 177 193 21 82 209 240 36 51 98 114 130 9 10 22 23 24 25 26 37 38 39 40 41 42 52 53 54 55 56 57 58 67 68 69 70 71 72 73 74 83 84 85 86 87 88 89 90 99 100 101 102 103 104 105 106 115 116 117 118 119 120 121 122 131 132 133 134 135 136 137 138 146 147 148 149 150 151 152 153 154 162 163 164 165 166 167 168 169 170 178 179 180 181 182 183 184 185 186 194 195 196 197 198 199 200 201 202 210 211 212 213 214 215 216 217 218 225 226 227 228 229 230 231 232 233 234 241 242 243 244 245 246 247 248 249 250  


[0, 3, 1, 1, 1, 1, 1, 1, 1, 1, 1, 0, 0, 0, 0, 0]
[ 0.  1.  2.  3.  4.  5.  6.  7.  8.  9. 10. 11.]
0 1 2 3 4 5 6 7 8 9 10 11  


[0, 2, 1, 2, 4, 4, 3, 4, 7, 5, 4, 4, 0, 1, 2, 119]
[  0.   1.   2.   3.  17.   4.   5.  33.  49.   6.  18.  65.  81.   7.
  97. 113.  19.  34.  50. 129.   8.  20.  66. 145. 161. 177. 193.   9.
  35.  51.  82. 240.  21.  98. 114. 209.  10.  22.  36.  52. 225.  37.
 241.  23.  24.  25.  26.  38.  39.  40.  41.  42.  53.  54.  55.  56.
  57.  58.  67.  68.  69.  70.  71.  72.  73.  74.  83.  84.  85.  86.
  87.  88.  89.  90.  99. 100. 101. 102. 103. 104. 105. 106. 115. 116.
 117. 118. 119. 120. 121. 122. 130. 131. 132. 133. 134. 135. 136. 137.
 138. 146. 147. 148. 149. 150. 151. 152. 153. 154. 162. 163. 164. 165.
 166. 167. 168. 169. 170. 178. 179. 180. 181. 182. 183. 184. 185. 186.
 194. 195. 196. 197. 198. 199. 200. 201. 202. 210. 211. 212. 213. 214.
 215. 216. 217. 218. 226. 227. 228. 229. 230. 231. 232. 233. 234. 242.
 243. 244. 245. 246. 247. 248. 249. 250.]
0 1 2 3 17 4 5 33 49 6 18 65 81 7 97 113 19 34 50 129 8 20 66 145 161 177 193 9 35 51 82 240 21 98 114 209 10 22 36 52 225 37 241 23 24 25 26 38 39 40 41 42 53 54 55 56 57 58 67 68 69 70 71 72 73 74 83 84 85 86 87 88 89 90 99 100 101 102 103 104 105 106 115 116 117 118 119 120 121 122 130 131 132 133 134 135 136 137 138 146 147 148 149 150 151 152 153 154 162 163 164 165 166 167 168 169 170 178 179 180 181 182 183 184 185 186 194 195 196 197 198 199 200 201 202 210 211 212 213 214 215 216 217 218 226 227 228 229 230 231 232 233 234 242 243 244 245 246 247 248 249 250  


(0, 0) : huffman tree: [[[0.0][[1.0][2.0]]][[[3.0][4.0]][[5.0][[6.0][[7.0][[8.0][[9.0][[10.0][[11.0][]]]]]]]]]]

(1, 0) : huffman tree: [[[1.0][2.0]][[[3.0][[0.0][4.0]]][[[17.0][[5.0][18.0]]][[[33.0][[49.0][65.0]]][[[[6.0][19.0]][[81.0][97.0]]][[[[7.0][34.0]][[113.0][[20.0][50.0]]]][[[[129.0][145.0]][[161.0][[8.0][35.0]]]][[[[66.0][177.0]][[193.0][[21.0][82.0]]]][[[[209.0][240.0]][[[36.0][51.0]][[98.0][114.0]]]][[[[[[[130.0][[9.0][10.0]]][[[22.0][23.0]][[24.0][25.0]]]][[[[26.0][37.0]][[38.0][39.0]]][[[40.0][41.0]][[42.0][52.0]]]]][[[[[53.0][54.0]][[55.0][56.0]]][[[57.0][58.0]][[67.0][68.0]]]][[[[69.0][70.0]][[71.0][72.0]]][[[73.0][74.0]][[83.0][84.0]]]]]][[[[[[85.0][86.0]][[87.0][88.0]]][[[89.0][90.0]][[99.0][100.0]]]][[[[101.0][102.0]][[103.0][104.0]]][[[105.0][106.0]][[115.0][116.0]]]]][[[[[117.0][118.0]][[119.0][120.0]]][[[121.0][122.0]][[131.0][132.0]]]][[[[133.0][134.0]][[135.0][136.0]]][[[137.0][138.0]][[146.0][147.0]]]]]]][[[[[[[148.0][149.0]][[150.0][151.0]]][[[152.0][153.0]][[154.0][162.0]]]][[[[163.0][164.0]][[165.0][166.0]]][[[167.0][168.0]][[169.0][170.0]]]]][[[[[178.0][179.0]][[180.0][181.0]]][[[182.0][183.0]][[184.0][185.0]]]][[[[186.0][194.0]][[195.0][196.0]]][[[197.0][198.0]][[199.0][200.0]]]]]][[[[[[201.0][202.0]][[210.0][211.0]]][[[212.0][213.0]][[214.0][215.0]]]][[[[216.0][217.0]][[218.0][225.0]]][[[226.0][227.0]][[228.0][229.0]]]]][[[[[230.0][231.0]][[232.0][233.0]]][[[234.0][241.0]][[242.0][243.0]]]][[[[244.0][245.0]][[246.0][247.0]]][[[248.0][249.0]][[250.0][]]]]]]]]]]]]]]]]]

(0, 1) : huffman tree: [[[0.0][1.0]][[2.0][[3.0][[4.0][[5.0][[6.0][[7.0][[8.0][[9.0][[10.0][[11.0][]]]]]]]]]]]]

(1, 1) : huffman tree: [[[0.0][1.0]][[[2.0][[3.0][17.0]]][[[[4.0][5.0]][[33.0][49.0]]][[[[6.0][18.0]][[65.0][81.0]]][[[[7.0][97.0]][[113.0][[19.0][34.0]]]][[[[50.0][129.0]][[[8.0][20.0]][[66.0][145.0]]]][[[[161.0][177.0]][[193.0][[9.0][35.0]]]][[[[51.0][82.0]][[240.0][[21.0][98.0]]]][[[[114.0][209.0]][[[10.0][22.0]][[36.0][52.0]]]][[[[[[225.0][[37.0][241.0]]][[[[23.0][24.0]][[25.0][26.0]]][[[38.0][39.0]][[40.0][41.0]]]]][[[[[42.0][53.0]][[54.0][55.0]]][[[56.0][57.0]][[58.0][67.0]]]][[[[68.0][69.0]][[70.0][71.0]]][[[72.0][73.0]][[74.0][83.0]]]]]][[[[[[84.0][85.0]][[86.0][87.0]]][[[88.0][89.0]][[90.0][99.0]]]][[[[100.0][101.0]][[102.0][103.0]]][[[104.0][105.0]][[106.0][115.0]]]]][[[[[116.0][117.0]][[118.0][119.0]]][[[120.0][121.0]][[122.0][130.0]]]][[[[131.0][132.0]][[133.0][134.0]]][[[135.0][136.0]][[137.0][138.0]]]]]]][[[[[[[146.0][147.0]][[148.0][149.0]]][[[150.0][151.0]][[152.0][153.0]]]][[[[154.0][162.0]][[163.0][164.0]]][[[165.0][166.0]][[167.0][168.0]]]]][[[[[169.0][170.0]][[178.0][179.0]]][[[180.0][181.0]][[182.0][183.0]]]][[[[184.0][185.0]][[186.0][194.0]]][[[195.0][196.0]][[197.0][198.0]]]]]][[[[[[199.0][200.0]][[201.0][202.0]]][[[210.0][211.0]][[212.0][213.0]]]][[[[214.0][215.0]][[216.0][217.0]]][[[218.0][226.0]][[227.0][228.0]]]]][[[[[229.0][230.0]][[231.0][232.0]]][[[233.0][234.0]][[242.0][243.0]]]][[[[244.0][245.0]][[246.0][247.0]]][[[248.0][249.0]][[250.0][]]]]]]]]]]]]]]]]]

Is a jpeg file
